category,num_questions
Obiettivi del MaaS,1